[Rectangle]
Cart:
(2.01, 6.92, 12.94, 9.03)
(4, 6, 21.36, 6.92)


[Line]
Birds:
(18.88, 18.85, 19.53, 18.39)
(19.53, 18.39, 20.09, 19.01)
(17.71, 18.24, 18.13, 17.55)
(18.13, 17.55, 18.5, 18.16)
(19.21, 17.63, 19.67, 17.13)
(19.67, 17.13, 20.14, 17.74)

Mouth:
(31.25, 6.88, 33.01, 7.57)

Cart:
(4.53, 9.03, 8, 12)
(6, 12, 10, 9.03)

Snow:
(4.53, 16.53, 6.72, 17.28)
(11.26, 17.68, 15.49, 17.68)
(21.39, 16.88, 23.55, 17.7)


[Circle]
Sun:
(29.39, 17.44, 32.15, 18.32, 31.22, 16.21)
Wheel:
(8.32, 5.98, 5.28, 3.94, 8.36, 1.95)
Eye:
(30.8, 8.53, 31.4, 8.87, 30.8, 8.53)


[Polygon]
Donkey:
(31.22, 10.02, 32.99, 8.34, 33.04, 6.47, 32, 6, 30.66, 7.57, 28.09, 5.55, 27.38, 4.4, 26.45, 3.14, 27.2, 2.03, 26.26, 2.03, 25.51, 3.22, 26.45, 4.4, 21.4, 4.43, 20.33, 3.02, 21.22, 2.03, 20.47, 2.03, 19.58, 3.02, 20.7, 4.43, 18.74, 4.44, 17.71, 5.97, 21.36, 5.97, 21.36, 6.92, 17.66, 6.92, 18.04, 7.46, 16.03, 6.92, 17.94, 8.26, 28.04, 8.3, 30, 10, 29.3, 11.47, 30.56, 10.63, 31.45, 11.63)

Donkey Seat:
(21.96, 8.28, 21.4, 7.54, 25.66, 7.54, 26.17, 8.29)

Cart Box:
(2.01, 9.03, 3.08, 10.98, 4.53, 10.98, 4.53, 9.03)
(4.53, 9.03, 4.53, 10.98, 6, 12, 8, 12, 10.05, 10.67, 10, 9.03)

Tree:
(16, 10, 16, 12, 15.23, 11.74, 14.67, 12.24, 14.86, 12.85, 14.67, 13.54, 16, 14, 16.73, 14.3, 16.87, 13.65, 17.94, 13.12, 17.94, 13.12, 17.66, 12.39, 16.73, 11.97, 16.73, 10.02)

Mountains:
(2, 14, 6, 18, 10, 14)
(10, 14, 8, 16, 14.11, 19.16, 19.11, 13.77)
(19.11, 13.77, 22.8, 18.81, 26, 14)

Cart Box:
(10.05, 10.67, 12.94, 9.03, 10, 9.03)